-1.6699366569519043 21.3735294342041
-1.6581058502197266 36.76686096191406
-1.6545748710632324 51.256103515625
-1.6842625141143799 66.4164047241211
-1.7184584140777588 81.4188461303711
-1.7490966320037842 95.14138793945312
-3.8241114616394043 109.17928314208984
-12.644624710083008 120.28524780273438
-27.985694885253906 124.61322021484375
-42.54026412963867 120.30709075927734
-55.3139533996582 114.8463134765625
-67.96640014648438 109.47183990478516
-81.76249694824219 103.61029052734375
-96.65105438232422 97.28409576416016
-110.35311889648438 91.46214294433594
-124.12569427490234 85.61015319824219
-137.37367248535156 79.98109436035156
-149.1287841796875 74.98635864257812
-161.18148803710938 69.86519622802734
-172.51815795898438 63.372703552246094
-181.288330078125 52.81437301635742
-185.1700897216797 40.08177185058594
-183.964111328125 26.829355239868164
-176.80519104003906 13.770364761352539
-164.19949340820312 4.66534948348999
-147.5238037109375 1.8302347660064697
-130.176025390625 1.791748285293579
-114.66748046875 1.7895400524139404
-98.81818389892578 1.7900975942611694
-84.0374755859375 1.789986252784729
-68.3560562133789 1.7900055646896362
-50.32835388183594 1.7894245386123657
-35.223297119140625 1.7818044424057007
-19.758846282958984 1.7729384899139404
-4.897162437438965 3.090786933898926
1.818337082862854 -8.37118911743164
1.7860125303268433 -23.78847885131836
1.7866266965866089 -40.72793960571289
1.7713854312896729 -56.423641204833984
1.764689564704895 -71.04098510742188
1.75704026222229 -86.11311340332031
1.8405197858810425 -101.11732482910156
7.498875141143799 -115.6231918334961
18.84998321533203 -123.4147720336914
34.673282623291016 -123.15653228759766
48.898250579833984 -117.43254852294922
63.989158630371094 -110.99398803710938
79.0127944946289 -104.62751770019531
93.67092895507812 -98.4117431640625
108.349365234375 -92.18770599365234
123.24491882324219 -85.87162780761719
136.646484375 -80.18904113769531
150.3849334716797 -74.36357116699219
163.34762573242188 -68.86580657958984
176.67730712890625 -59.41089630126953
183.88650512695312 -46.70794677734375
185.0393829345703 -31.202716827392578
179.08509826660156 -16.483057022094727
168.17147827148438 -6.53690767288208
152.67613220214844 -1.962057113647461
137.01593017578125 -1.7296279668807983
121.83305358886719 -1.760669469833374
105.54363250732422 -1.7589402198791504
89.41529083251953 -1.7614182233810425
73.00243377685547 -1.7635319232940674
56.75890350341797 -1.7656432390213013
41.51252365112305 -1.7614725828170776
27.268245697021484 -1.753659725189209
11.33907699584961 -1.7446212768554688
-9.823540687561035 -1.7326622009277344
-26.783172607421875 -1.7230780124664307
-42.43879318237305 -1.7142313718795776
-58.02344512939453 -1.7101160287857056
-73.64911651611328 -1.7099931240081787
-88.68549346923828 -1.7099990844726562
-103.27249908447266 -1.709999918937683
-117.69639587402344 -1.7099964618682861
-130.9605255126953 -1.7099941968917847
-146.12171936035156 -1.7099982500076294
-161.13706970214844 -0.08060383796691895
-175.66409301757812 7.696728229522705
-183.27191162109375 16.6723690032959
-187.8215789794922 27.69602394104004
-188.25050354003906 43.33877944946289
-183.23348999023438 56.46822738647461
-173.1032257080078 67.39462280273438
-158.48060607910156 74.84915161132812
-145.3536376953125 80.38903045654297
-131.170166015625 86.42051696777344
-116.58015441894531 92.61898040771484
-100.52333068847656 99.44161224365234
-83.84046936035156 106.53009796142578
-69.6302719116211 112.56806182861328
-56.21244812011719 118.269287109375
-41.83217239379883 124.37944793701172
-25.570356369018555 128.09388732910156
-8.516417503356934 121.5487289428711
0.4839431643486023 107.57000732421875
1.8047109842300415 91.92691802978516
1.7851442098617554 76.6405258178711
1.8302881717681885 60.17050552368164
1.846038579940796 45.369876861572266
1.838240623474121 31.455081939697266
1.82735013961792 17.93568992614746
7.559327602386475 2.2258288860321045
21.715728759765625 1.6663603782653809
38.1099739074707 1.7472666501998901
53.87551498413086 1.7340174913406372
71.59637451171875 1.7362043857574463
87.33252716064453 1.7383493185043335
102.9186019897461 1.740370273590088
119.07283782958984 1.7424733638763428
135.594970703125 1.7446297407150269
151.29489135742188 1.7127346992492676
168.91213989257812 -2.9468774795532227
181.63694763183594 -14.02517032623291
188.2022247314453 -28.936193466186523
187.4606475830078 -46.99285125732422
178.75462341308594 -62.36751937866211
165.49728393554688 -71.62774658203125
151.12075805664062 -77.8680419921875
136.9245147705078 -83.87101745605469
123.31767272949219 -89.6427001953125
108.54840850830078 -95.90496826171875
94.2528305053711 -101.96669006347656
80.32596588134766 -107.87207794189453
65.54780578613281 -114.13837432861328
51.51429748535156 -120.08895111083984
37.30155563354492 -126.07945251464844
20.262447357177734 -127.424560546875
7.523878574371338 -120.78356170654297
-0.36807113885879517 -108.2156982421875
-1.7716753482818604 -94.00956726074219
-1.7418807744979858 -80.9300308227539
-1.7325811386108398 -66.93046569824219
-1.7257806062698364 -51.74077606201172
-1.7155020236968994 -37.8939208984375
-1.7050282955169678 -24.277179718017578
-1.6930912733078003 -8.746779441833496
